264
443
80
4433
10443
8080
21
10000
5986
8081
4443
8443
23
9443
4444
1337
6443
8085
8139
444
5001
8089
2083
7001
311
8889
9091
7443
55553
7548
55443
28080
14265
3780
2376
8140
8181
5006
8083
9001
16993
3790
7071
9002
47990
1926
7434
9000
9095
9943
8834
31337
3001
8500
50000
8880
5172
5984
2087
37
8123
1935
6080
9944
18553
5000
7547
37215
50100
3541
4848
9200
30003
593
993
81
995
1604
3551
4040
7474
8009
17000
2002
2375
10250
52869
15
119
4664
8200
9295
28017
84
122
1311
1925
3542
5908
88
873
5800
8060
8098
10243
11434
631
666
2082
2086
4506
7777
7779
8082
8090
8800
8888
23424
32764
83
3689
5801
5858
8000
9191
4782
5555
8069
8649
9160
9595
32400
50070
55554
61616
102
1024
1400
1883
3128
4840
4949
5601
11371
20256
25105
27017
49152
13
19
82
143
221
2480
3000
5357
5560
8001
8086
9981
3388
3749
4063
5005
5985
8333
14147
55442
1741
3301
4022
4282
12000
16010
50050
51106
502
1023
6664
8008
8112
16030
18081
23023
60030
902
1234
1471
2154
2332
8728
9009
9090
11000
21025
49153
60001
11
503
2067
7218
9080
11300
41800
4321
4567
8010
9761
19071
25565
17
2008
3333
9800
16992
7022
7634
7657
11210
5901
6002
7989
13579
30002
33060
445
4451
6667
8334
9869
44158
60010
9092
636
4450
6009
9999
4911
3269
4449
7003
8099
27210
3407
3443
8023
8024
8847
9042
22136
161
2290
5190
9998
992
6561
8095
8111
8425
121
1723
3002
6006
8026
8877
9039
9089
9302
1025
1026
1029
1901
1950
1990
2068
2080
2202
2232
3221
3524
3557
4002
4043
5600
5853
6010
7778
7887
8013
8031
8054
8733
8807
8876
8887
8935
8988
100
465
1000
1830
2020
2220
2323
2559
3055
3056
3086
3113
3114
3498
3559
4117
4190
4505
5002
5003
5590
5594
6588
7700
8005
8015
8019
8027
8029
8043
8097
8105
8109
8403
8686
8846
8848
8849
8857
8872
8879
9036
9043
9050
9102
9107
9119
9990
9992
98
555
808
999
1027
1111
1290
1981
2063
2201
2225
3084
3089
3090
3105
3117
3200
3409
3522
3570
3793
4100
4482
5606
5609
6601
6998
7005
7070
8011
8018
8049
8050
8091
8092
8406
8420
8513
8623
8803
8805
8812
8832
8839
8842
8852
8871
8990
9006
9010
9027
9030
9099
9136
9201
9204
9444
9861
9899
70
79
86
92
222
263
340
447
806
830
880
1500
1951
2003
2049
2059
2211
2550
2563
2566
2570
2709
3052
3059
3070
3085
3100
3103
3270
3311
3337
3549
3550
3555
3563
3791
3953
4646
4747
5431
5454
5592
5596
5608
5822
5906
5910
6004
6161
6363
6550
6600
6650
6955
7080
7535
8038
8041
8045
8047
8084
8103
8108
8118
8282
8383
8401
8409
8416
8428
8433
8444
8446
8804
8836
8840
8853
8856
8878
8890
8899
9005
9023
9088
9704
9966
9988
9991
10911
37777
20
24
26
89
96
97
199
225
449
685
777
805
990
1022
1833
2048
2057
2079
2100
2150
2200
2382
2553
2556
2558
2568
2569
2806
3005
3049
3067
3068
3069
3074
3077
3082
3083
3094
3099
3101
3116
3211
3352
3401
3412
3567
3794
4001
4064
4445
4524
5050
5080
5150
5400
5443
5446
5494
5602
5603
5604
5605
6005
6036
6352
6379
6503
6602
6662
6887
7004
7170
7433
7537
7979
8012
8020
8025
8030
8033
8040
8042
8055
8058
8159
8182
8184
8404
8405
8418
8422
8430
8765
8811
8815
8816
8863
8865
8870
8891
8999
9003
9016
9019
9025
9038
9040
9044
9084
9097
9101
9205
9209
9251
9299
9301
9305
9306
9308
9310
9311
9389
9445
9663
9876
9993
22222
106
801
943
994
1028
1080
1110
1388
1494
1588
2030
2051
2053
2055
2070
2077
2121
2122
2223
2233
2250
2259
2379
2443
2557
2701
3061
3072
3075
3079
3080
3088
3092
3095
3102
3106
3110
3115
3119
3402
3404
3410
3561
3569
3690
3910
3922
3952
4200
4243
4430
4523
4550
4643
4808
5090
5280
5321
5568
5569
5607
5909
6102
6262
6464
6543
6580
7010
7444
7465
7500
7999
8003
8006
8028
8039
8096
8100
8104
8106
8110
8222
8239
8241
8251
8402
8410
8412
8413
8417
8424
8448
8767
8784
8822
8828
8831
8838
8845
8851
8855
8858
8859
8867
8868
8869
8873
8875
8991
9007
9013
9015
9018
9022
9031
9033
9098
9105
9109
9111
9189
9213
9222
9307
9309
9997
51235
38
51
85
95
131
139
180
491
522
800
888
1050
1355
1650
2010
2018
2050
2056
2061
2069
2095
2126
2266
2352
2506
2554
2560
2562
2567
2572
2598
2650
3051
3053
3057
3062
3081
3087
3098
3104
3108
3109
3120
3307
3503
3554
3560
3566
3792
3838
3951
4118
4700
4734
4999
5004
5209
5567
5591
6008
6605
6622
7081
7090
7676
7998
8002
8016
8022
8035
8052
8057
8064
8094
8102
8143
8180
8190
8237
8252
8408
8415
8419
8426
8427
8431
8575
8585
8621
8700
8766
8788
8789
8806
8809
8810
8813
8814
8817
8837
8841
8861
8862
8866
9004
9011
9020
9029
9041
9046
9049
9082
9093
9108
9110
9199
9207
9210
9211
9212
9214
9217
9218
9220
9300
9303
9743
9898
9950
9994
90
450
646
1063
1167
1344
1701
1820
2001
2006
2012
2022
2058
2062
2065
2066
2111
2221
2320
2548
2551
3058
3071
3073
3091
3093
3096
3107
3111
3268
3403
3406
3408
3479
3521
3548
3552
3556
3558
3562
3568
4010
4500
4545
5010
5070
5432
5500
5593
5598
5673
5907
6007
6264
6565
6590
6789
7014
7401
7493
7788
8004
8007
8017
8036
8037
8044
8046
8051
8053
8056
8071
8072
8088
8093
8101
8107
8238
8248
8249
8407
8421
8442
8553
8666
8779
8790
8791
8801
8819
8823
8833
8835
8860
8864
8874
8969
8989
9008
9012
9014
9017
9024
9034
9045
9047
9094
9103
9104
9151
9203
9206
9208
9215
9216
9221
9304
9433
9500
9606
9682
